structure(list(X__type = "IsochroneResponse:http://schemas.microsoft.com/search/local/ws/rest/v1", 
    dataSourcesUsed = list(c(5L, 18L)), origin = structure(list(
        latitude = 35.636567, longitude = -88.831863), class = "data.frame", row.names = 1L), 
    polygons = list(structure(list(coordinates = list(structure(c(35.6192997778148, 
    35.6214210021315, 35.631008258405, 35.6309831240801, 35.632462401109, 
    35.6342321172039, 35.6353098569261, 35.6370835735068, 35.6384820606307, 
    35.63663394536, 35.6353653029522, 35.6348359505518, 35.6569666299312, 
    35.6586547582476, 35.658499069206, 35.6585322102768, 35.6589057301195, 
    35.6584995332656, 35.6584285212328, 35.6604430318216, 35.6620330458971, 
    35.662134494547, 35.6621374789218, 35.6634218594773, 35.6653462960987, 
    35.6659607295472, 35.663772020453, 35.6622597720899, 35.6640159463902, 
    35.6662594737505, 35.6673513131776, 35.6672821690616, 35.6673343988375, 
    35.6675529188284, 35.6683846283732, 35.6701672414932, 35.6701763532572, 
    35.6701738639584, 35.6713099409701, 35.671407763766, 35.6714886161975, 
    35.6757574393243, 35.6779766666855, 35.6786445528553, 35.6745224084874, 
    35.6737468529479, 35.6766472792487, 35.6776649051571, 35.675582690869, 
    35.6733448977365, 35.6716405361007, 35.6709854299652, 35.6710755431133, 
    35.6714498158026, 35.6717130573465, 35.6717130760701, 35.6717131112016, 
    35.6717190933565, 35.6717248780668, 35.671770822142, 35.6723615483365, 
    35.6737365177943, 35.6756280720154, 35.6769648108221, 35.6759573963264, 
    35.6761364470804, 35.6765917931831, 35.6768802959663, 35.6774920756366, 
    35.6783639732589, 35.6766827093866, 35.6739017033887, 35.6732995781244, 
    35.673294185435, 35.6724119614578, 35.6751896565019, 35.6758456853599, 
    35.6796085846377, 35.6796811689308, 35.6826741482465, 35.6848665353623, 
    35.6848759232467, 35.6851293304296, 35.6852363402996, 35.6863786092413, 
    35.6860216923491, 35.6868616289071, 35.6888626997405, 35.6890640473249, 
    35.6918365761192, 35.6941212415417, 35.694414206609, 35.6915139571943, 
    35.6998882025635, 35.7013507403987, 35.6995643125003, 35.6905096386898, 
    35.6892623493749, 35.690464254975, 35.6903325137208, 35.6881257930402, 
    35.6867420192643, 35.6863797799513, 35.6851345380059, 35.6847424800748, 
    35.6847255773303, 35.6830684190078, 35.6814482777013, 35.6814546160514, 
    35.6812585442035, 35.6806763172197, 35.6791645750638, 35.6801091712727, 
    35.6798029704136, 35.677777295726, 35.6755058532404, 35.6759278125321, 
    35.6758923555897, 35.6758965551922, 35.6742665275423, 35.6748780694727, 
    35.6760780896077, 35.6762444018566, 35.6764565334879, 35.6794283039177, 
    35.6800022132291, 35.6831450321228, 35.6831865265314, 35.6832857218857, 
    35.6851779941704, 35.6851047181813, 35.6853333621212, 35.6857257649541, 
    35.6854667794817, 35.685710096981, 35.6871351180314, 35.6854521820245, 
    35.6833858665234, 35.6838215445286, 35.6843320721493, 35.686542961591, 
    35.686421248391, 35.68717449451, 35.6894750872779, 35.6893797754965, 
    35.6894045689886, 35.6910177195235, 35.6950025312971, 35.6963989646841, 
    35.694732360014, 35.6946015823778, 35.6945067707062, 35.6961902344209, 
    35.6965859522232, 35.6995977404467, 35.6996560651212, 35.7001140966834, 
    35.7002391293387, 35.7019615471505, 35.703512145027, 35.70338868775, 
    35.7147652386462, 35.7168824777994, 35.718792508207, 35.7200223755216, 
    35.7198495902711, 35.7203299654768, 35.7207358240877, 35.717359473373, 
    35.7168015649756, 35.7173669228803, 35.7174028538407, 35.7212962530862, 
    35.7211320445697, 35.7230674542684, 35.7232634311118, 35.7233225098262, 
    35.7249218648112, 35.7265309030301, 35.7265323920162, 35.7338697086963, 
    35.7360325984333, 35.7353668893113, 35.7250137868422, 35.7248432359399, 
    35.7247746666284, 35.7197862321177, 35.7199014163561, 35.7306237863831, 
    35.7307905044311, 35.7318825143729, 35.7330498474855, 35.7335627318134, 
    35.7351300381301, 35.736796542807, 35.7376035590277, 35.7373417027776, 
    35.7449151441398, 35.7585397277497, 35.7599449630347, 35.7582476658696, 
    35.7476589220082, 35.7470353991015, 35.7439720472789, 35.7349926930803, 
    35.7196795799075, 35.7196604857675, 35.7221075455318, 35.7226069815109, 
    35.7224415211385, 35.7223086432864, 35.7213956976597, 35.7211819238752, 
    35.7209518745007, 35.7201063901755, 35.7196925582317, 35.7201603035016, 
    35.7186639430559, 35.7168942622679, 35.7164100348517, 35.7150774471801, 
    35.7138321762433, 35.7155359753782, 35.7163251610414, 35.7163636858507, 
    35.7090483443981, 35.7087419512918, 35.708669712018, 35.7039126561337, 
    35.7028463092071, 35.6999008700538, 35.6998475467855, 35.6995049008391, 
    35.6993552329376, 35.6996028504568, 35.6996105006043, 35.698899822372, 
    35.6991071682552, 35.6979938221159, 35.6968113677335, 35.696738370628, 
    35.699569010985, 35.7006032517069, 35.7026094411881, 35.7034290558342, 
    35.7027997759589, 35.7009877309829, 35.7001615647463, 35.7001627262796, 
    35.6974477204216, 35.6971313141818, 35.6971408500744, 35.6952964902602, 
    35.6947605343904, 35.6941064625823, 35.6933663067663, 35.7001718372793, 
    35.7012024125852, 35.7035001641637, 35.7041521665736, 35.7061376355615, 
    35.707130429979, 35.7069100649936, 35.7146381085579, 35.7155890030594, 
    35.7135263172962, 35.7066550356361, 35.7062640419946, 35.7032956377286, 
    35.7030542717786, 35.7029121860394, 35.7017546403185, 35.6996738970451, 
    35.6998457507821, 35.6996910858102, 35.6996789456936, 35.6997106956224, 
    35.6988615272192, 35.6984639669756, 35.6983405655037, 35.6957778363533, 
    35.6947329162776, 35.6923230459416, 35.6914945009309, 35.6794591825009, 
    35.6804868748492, 35.6808131639201, 35.6833908469666, 35.6850732064273, 
    35.6860227867477, 35.6893755182764, 35.6911462219637, 35.6890811851529, 
    35.6898883994779, 35.6923461983178, 35.6923688733616, 35.6941131157005, 
    35.6956391260453, 35.6955831439445, 35.6990348892029, 35.7003284001719, 
    35.6984172628618, 35.6946137791086, 35.6945139568456, 35.6927721427313, 
    35.6912433560068, 35.6913787569699, 35.6913603889389, 35.6908239431331, 
    35.6908224411695, 35.6908228474151, 35.6903816803231, 35.6885372483328, 
    35.68713408868, 35.6873258711765, 35.6868436449034, 35.6858988831908, 
    35.68753116601, 35.6877576773432, 35.6881644004308, 35.6862807976526, 
    35.6861996092402, 35.6827373832067, 35.6812776812381, 35.681211757739, 
    35.6822306306907, 35.683737171529, 35.6849022431156, 35.6828987972618, 
    35.682372301087, 35.6825006713976, 35.6849163842362, 35.6854144725972, 
    35.6831510695193, 35.6827256294544, 35.6827509538658, 35.6834120968775, 
    35.6925676412081, 35.6918310717203, 35.6896384236293, 35.6806225220141, 
    35.6804671004477, 35.6802652864191, 35.679847597141, 35.6796839384187, 
    35.6794927077107, 35.6790525661132, 35.677412410408, 35.6748841304619, 
    35.6745876255101, 35.6740945810741, 35.6740882520068, 35.6740882421836, 
    35.6740859402605, 35.6690167654429, 35.6677439273661, 35.6654329345551, 
    35.66525860734, 35.6665073912511, 35.6659928642981, 35.6657232572766, 
    35.6637342043675, 35.6625447403189, 35.6631365779831, 35.6616168228524, 
    35.6616119148965, 35.6607258555213, 35.6579169483649, 35.655974757589, 
    35.655976383176, 35.6559132794252, 35.6559018012751, 35.6557729026606, 
    35.6536593818218, 35.6527894496523, 35.6531253710146, 35.6514691821926, 
    35.6514634706491, 35.651462792127, 35.6514403117454, 35.6508705984631, 
    35.6507440029647, 35.6479443395241, 35.6479380787243, 35.6475604361633, 
    35.647130444707, 35.6492095089699, 35.6520837043479, 35.653763738488, 
    35.6554792068112, 35.6549890954829, 35.6545124823872, 35.6560181975783, 
    35.6568597903363, 35.659169750524, 35.6589821901215, 35.6580509401783, 
    35.6638760713705, 35.6635709776156, 35.6612868031826, 35.6437846282872, 
    35.6436469516973, 35.639599108632, 35.6274024406035, 35.6273659821809, 
    35.6273413939912, 35.6272758762513, 35.627210277221, 35.6307871698666, 
    35.6314011207099, 35.6356022789712, 35.6349693436183, 35.632739879535, 
    35.6287552578847, 35.6258392177982, 35.6253879573826, 35.6239164355898, 
    35.608580349828, 35.6070163345572, 35.6085264514659, 35.6218214392415, 
    35.6196432058627, 35.6187165275983, 35.6208407652361, 35.624162242935, 
    35.6243385594096, 35.6226871108457, 35.6211249005251, 35.622165899319, 
    35.6226411969025, 35.6219298407805, 35.6215464965073, 35.6191544846719, 
    35.6176347470061, 35.6174345085867, 35.6157953846, 35.6157924605775, 
    35.615540980362, 35.6153722267676, 35.6155144910903, 35.6154578078949, 
    35.6157736038316, 35.615577823819, 35.6156583690902, 35.6135654877901, 
    35.6105954052651, 35.6104939883913, 35.6099727773184, 35.6096203239689, 
    35.6079031103943, 35.6063473298709, 35.606427137403, 35.6064220833338, 
    35.6048351447669, 35.6065241599752, 35.6067249325146, 35.6068725454516, 
    35.6041549341995, 35.6029712168044, 35.6049636927285, 35.6083227247139, 
    35.6090889108469, 35.6086288397816, 35.6086108990684, 35.606748794121, 
    35.6057135565042, 35.6025655970222, 35.6024755248273, 35.6028199766938, 
    35.601823115567, 35.6000571271655, 35.6002371172815, 35.6001904047692, 
    35.60007618087, 35.601704723072, 35.5991452004332, 35.5982229679122, 
    35.5983185241386, 35.5824274827149, 35.5766691881597, 35.5754176064363, 
    35.5752175090472, 35.5739115977928, 35.5721073374915, 35.5706449746595, 
    35.5707909805287, 35.5704330983093, 35.5720082629226, 35.5721990969569, 
    35.5722799731588, 35.5724678988412, 35.5735936143207, 35.5751415713461, 
    35.5695946850627, 35.5695886970295, 35.5679706981015, 35.5664075738401, 
    35.5674415026802, 35.5680025205668, 35.5680020399139, 35.5602689443295, 
    35.5584094432986, 35.559792730816, 35.5680195104443, 35.5680334404528, 
    35.5669982132444, 35.5684899733469, 35.5703080068065, 35.570649261831, 
    35.5720399751419, 35.5742888427328, 35.5743104927747, 35.5743262027055, 
    35.5722588081878, 35.5707135057478, 35.5718447416403, 35.578711670251, 
    35.5787198711581, 35.5689575295347, 35.5689575034488, 35.5655978134387, 
    35.564889147926, 35.5629724084185, 35.5619466041967, 35.5620597652674, 
    35.5512731210764, 35.5501670914436, 35.5522457702303, 35.5643558372812, 
    35.5649591970342, 35.5652306174891, 35.5657483132079, 35.5689262012454, 
    35.5700721827925, 35.5723344508757, 35.5727914220481, 35.5727552504583, 
    35.5733405020451, 35.5735862436035, 35.5728765821754, 35.5729520934495, 
    35.5716782624368, 35.5708862787715, 35.5624621868611, 35.5627010703929, 
    35.5650048144495, 35.5650081691039, 35.5650081804078, 35.5650109861531, 
    35.5698410663303, 35.5702788409431, 35.5722526854671, 35.5737760294368, 
    35.5748783624457, 35.5759026215261, 35.5774200164981, 35.5775491924666, 
    35.5773541957174, 35.5794707383006, 35.5798482263507, 35.5798993780608, 
    35.5813350697217, 35.5815393186845, 35.58062632531, 35.5819204956248, 
    35.582110499385, 35.5805254608015, 35.5816328735877, 35.583646968066, 
    35.5861966285879, 35.5863075880262, 35.5861750210952, 35.5862789757278, 
    35.5862008323527, 35.5861146789441, 35.5860864969343, 35.5860749145593, 
    35.586038147368, 35.5861351879603, 35.5858974554453, 35.5870768460485, 
    35.5870472584898, 35.5888879181077, 35.5915421988319, 35.5936981728473, 
    35.5938815973822, 35.5939924833143, 35.5962327415515, 35.5952723043544, 
    35.5947914175303, 35.597047756189, 35.5982635029808, 35.6038849310089, 
    35.6011022658527, 35.5995536481186, 35.5993843553365, 35.5960006045139, 
    35.594992758636, 35.5970260733712, 35.5993201062602, 35.6009485300428, 
    35.6035804835285, 35.6042121688538, 35.6049622480371, 35.6050702702029, 
    35.6049814384253, 35.6059797450162, 35.6080497134955, 35.608683918252, 
    35.6089674730783, 35.6113011266966, 35.6113914899165, 35.6116898485298, 
    35.6122017291714, 35.6138668305773, 35.6117745960852, 35.6091329341222, 
    35.6084768044266, 35.6066291991959, 35.6052392745436, 35.6056707667722, 
    35.6072361299039, 35.6074800337939, 35.6078647056276, 35.6112347790609, 
    35.610164289632, 35.6068555132133, 35.6058721719175, 35.606267345652, 
    35.6061775341051, 35.6078484796903, 35.6099016293926, 35.6101030286956, 
    35.6117926835758, 35.6133789708251, 35.6131724805937, 35.6314848369386, 
    35.6290591574157, 35.6288470190057, 35.6279480373003, 35.6283686443987, 
    35.628483433968, 35.6280202347683, 35.6200109202069, 35.6188426332641, 
    35.6207544080754, 35.629669472835, 35.6309837190223, 35.6183691771824, 
    35.6192997778148, -88.9936083225833, -88.9924787168254, -88.9625593993502, 
    -88.9664179755829, -88.9684320038279, -88.9668070191652, 
    -88.959759355462, -88.9594558092529, -88.9571919154621, -88.9554788430495, 
    -88.955696017268, -88.9496420101742, -88.8798397333737, -88.8823921363404, 
    -88.8825899866321, -88.8848208079605, -88.8854853759925, 
    -88.8858689454935, -88.888406431034, -88.8890007775916, -88.8880558050667, 
    -88.8879623824023, -88.8879605497288, -88.8871718107364, 
    -88.8911513259536, -88.903094427611, -88.9032964331886, -88.9054484539105, 
    -88.9073015728889, -88.9070946198008, -88.918144392735, -88.9182834091983, 
    -88.9198191184918, -88.9201858591865, -88.9286115824834, 
    -88.9484406603687, -88.9484477345055, -88.9485044236412, 
    -88.958291328781, -88.9586329261656, -88.9589569042076, -88.9687786771879, 
    -88.9695972496871, -88.9668772886462, -88.9573930447364, 
    -88.9495161339829, -88.9482845559938, -88.9457325997803, 
    -88.9444854691775, -88.9454357944562, -88.9281503834265, 
    -88.9208725522336, -88.9208679106222, -88.9215020770515, 
    -88.9219760451413, -88.9219760995835, -88.9219761421084, 
    -88.9219869130919, -88.9219903853106, -88.9220459983772, 
    -88.9230469621677, -88.9319517505864, -88.9335536991006, 
    -88.9312609352149, -88.9233999724166, -88.9233149611453, 
    -88.9229893559186, -88.9225858228914, -88.9223907768309, 
    -88.9200772907679, -88.9185779378543, -88.9187782601727, 
    -88.9176941850625, -88.9176757717812, -88.9080656656947, 
    -88.9098196764812, -88.9100364543127, -88.9102904750668, 
    -88.9121783628364, -88.9135074242074, -88.9116507804084, 
    -88.9109604217835, -88.9110215364572, -88.9109737568972, 
    -88.9112120840952, -88.9129554717695, -88.9152353229319, 
    -88.9147440639625, -88.9143017235193, -88.9185288773082, 
    -88.9188435249915, -88.9160481531616, -88.9113269862721, 
    -88.9102584283468, -88.90806145246, -88.9062600520258, -88.9073288576572, 
    -88.9064168619928, -88.9045767485891, -88.9018750706848, 
    -88.9017863328157, -88.9032463611722, -88.9028655033882, 
    -88.9026815799571, -88.9028172065174, -88.9014434274849, 
    -88.8994655095772, -88.901488936458, -88.9025436987455, -88.9025437344902, 
    -88.9028337817385, -88.9040558095618, -88.9020048440467, 
    -88.8995421695424, -88.8993387452749, -88.9012076636892, 
    -88.8978954872349, -88.8978612639124, -88.8978276527224, 
    -88.8962915881137, -88.8962712857308, -88.8941392669742, 
    -88.8936973445457, -88.8939153815469, -88.8924034905437, 
    -88.8956419273793, -88.8958918644497, -88.8955786677536, 
    -88.895602144229, -88.8931155220786, -88.8929180591679, -88.8927391436332, 
    -88.890559640418, -88.8900624216638, -88.8900237993516, -88.8878732014862, 
    -88.886023692394, -88.8861005674641, -88.8846281235703, -88.8849144912506, 
    -88.8823783977256, -88.8821382714299, -88.8825498415265, 
    -88.8807593127578, -88.8800908386308, -88.8801662056784, 
    -88.8810637473842, -88.8803443441244, -88.8781905728464, 
    -88.8763480061335, -88.8763513089496, -88.871456364423, -88.8712707927518, 
    -88.8721746238239, -88.8717907552906, -88.8710221001204, 
    -88.8709968107338, -88.8739413072328, -88.875842291236, -88.8737306122128, 
    -88.8708232047521, -88.8702445412108, -88.8764103380484, 
    -88.8775729008332, -88.8754367692294, -88.8731613098957, 
    -88.8730119007558, -88.8693129069801, -88.8669556707879, 
    -88.8620139759479, -88.8622645330759, -88.8623369445221, 
    -88.8646331360451, -88.865019861385, -88.8675798722082, -88.8674769936168, 
    -88.8678339365815, -88.8694404278179, -88.8678485134015, 
    -88.867721623234, -88.872050231877, -88.8711545806568, -88.8684763229328, 
    -88.8614064803617, -88.8615603570027, -88.8612740751458, 
    -88.8590632787306, -88.8547048153858, -88.8528186435378, 
    -88.8532236943065, -88.8539803632127, -88.8541568473588, 
    -88.8592676299707, -88.8610286252076, -88.8594104030097, 
    -88.8543663051211, -88.8530064194736, -88.8486673027318, 
    -88.846309372714, -88.844138850481, -88.8423093175428, -88.8428303441419, 
    -88.8430148495117, -88.8447703826857, -88.8463243711762, 
    -88.8377860075608, -88.8364355932354, -88.8357363626081, 
    -88.8320739364203, -88.8319970943473, -88.8312889456485, 
    -88.8302342805716, -88.8301902239008, -88.8296341225599, 
    -88.8288967789492, -88.8288278314083, -88.8217558127252, 
    -88.8195895181037, -88.8214199123956, -88.8283865795876, 
    -88.82828755842, -88.8317285230764, -88.8337941606764, -88.8337413700058, 
    -88.8359157242472, -88.8317711959294, -88.83168200038, -88.8315917698904, 
    -88.8274668189584, -88.8271088013748, -88.8273890868051, 
    -88.8271331266364, -88.8265380140117, -88.8263571266815, 
    -88.8261931325182, -88.8229980277495, -88.8223236785953, 
    -88.8221597283693, -88.8187075824001, -88.8186839330015, 
    -88.8176403354906, -88.8167200852469, -88.818206040023, -88.8186725239268, 
    -88.8163795761362, -88.8134489480698, -88.8119752063911, 
    -88.8121189132112, -88.8120983410333, -88.8107673918577, 
    -88.8111117896077, -88.8082379149816, -88.8062366463414, 
    -88.806320482939, -88.8045769462371, -88.8040868864123, -88.8068742027587, 
    -88.8068741135448, -88.8059324601231, -88.8071576725554, 
    -88.8079145308641, -88.805674631766, -88.8050093953593, -88.8013158726935, 
    -88.798759693873, -88.797536446872, -88.8003875361728, -88.7979247986239, 
    -88.797191740996, -88.797901279911, -88.7977008898839, -88.7972787207339, 
    -88.7975063421995, -88.7972522162165, -88.7950466936292, 
    -88.7950339768305, -88.7948297366192, -88.7930515136719, 
    -88.7928882753307, -88.7924860510987, -88.7920996997066, 
    -88.7933906829149, -88.7917069556581, -88.7914473585108, 
    -88.7916518518706, -88.7885302787103, -88.789029393589, -88.7882727317747, 
    -88.783264786541, -88.7847634853763, -88.7858828739832, -88.782793385783, 
    -88.7791365014403, -88.778854852042, -88.7780566261162, -88.7784767823868, 
    -88.780347436725, -88.7782092121642, -88.777171943656, -88.7763333381749, 
    -88.7739833937944, -88.7723873403704, -88.7732685982187, 
    -88.7713726526738, -88.7694985917248, -88.77163375776, -88.7742055948608, 
    -88.7742115239304, -88.7692077212682, -88.7692061391651, 
    -88.7691977834453, -88.7652360249115, -88.7635197103787, 
    -88.7657777774402, -88.7675420071542, -88.7676714292794, 
    -88.7699417728523, -88.7715205127421, -88.7715151409517, 
    -88.775258618781, -88.7758704042313, -88.7752160464712, -88.7735231143864, 
    -88.7736790429328, -88.7737477799358, -88.760543713054, -88.7600508112676, 
    -88.7575951804892, -88.7561672090016, -88.7563394928346, 
    -88.743788447625, -88.7418788858726, -88.7391045563086, -88.7384941013703, 
    -88.7388304293616, -88.7383658930869, -88.7338204224239, 
    -88.7107219029253, -88.7080424891839, -88.7089199469259, 
    -88.7306157194587, -88.7311785261078, -88.7325663280877, 
    -88.7336197167562, -88.7343689866031, -88.7378779954163, 
    -88.7409033134394, -88.7412215216418, -88.7450770050502, 
    -88.7460575043409, -88.7463864176936, -88.7463929359363, 
    -88.7463929216301, -88.7463953167809, -88.7516155605486, 
    -88.7497850862021, -88.7495715008159, -88.7524034650814, 
    -88.7541993866471, -88.7547291522732, -88.7534040879096, 
    -88.7519465356388, -88.7543838927171, -88.7572927680535, 
    -88.7585394458035, -88.7585434717788, -88.7592687878068, 
    -88.7581808584741, -88.7610273783354, -88.7610298509449, 
    -88.7614026995295, -88.7631486309995, -88.7628520608132, 
    -88.761969943225, -88.7644894546608, -88.7656297760431, -88.7671538564673, 
    -88.767158915654, -88.7671597366634, -88.7671804233025, -88.7677046733656, 
    -88.7673143841598, -88.767321744228, -88.7673345195976, -88.7670627389991, 
    -88.7668778519182, -88.762545982966, -88.7581568701524, -88.7584190754705, 
    -88.7572066088002, -88.7548555341589, -88.7543869395518, 
    -88.7521689733513, -88.7530531017354, -88.7528233309788, 
    -88.749992857869, -88.7490145777729, -88.739442150163, -88.7366483696307, 
    -88.7369805232485, -88.7640163724263, -88.7642625738737, 
    -88.7728745664845, -88.7715613921257, -88.7701202654407, 
    -88.7701004163425, -88.7695237723246, -88.7692906440455, 
    -88.7667479409743, -88.7659859860347, -88.7566788552421, 
    -88.7539478320345, -88.7547231488817, -88.7635507287097, 
    -88.7656237741122, -88.7647145932779, -88.7637589388774, 
    -88.7646221207913, -88.7665937359269, -88.7686273823308, 
    -88.7699191755875, -88.7709757374509, -88.773577340873, -88.7747122903407, 
    -88.7731013222894, -88.7800836069573, -88.7801520172804, 
    -88.7818325708326, -88.7840370020035, -88.7841326580436, 
    -88.7845632420884, -88.7843558616171, -88.7836169159264, 
    -88.785366784946, -88.7851701437676, -88.7855310534602, -88.7854964950134, 
    -88.7848662910909, -88.7846679214389, -88.78442662584, -88.7841756251848, 
    -88.7830918541953, -88.78281216844, -88.7824819125647, -88.7803656771241, 
    -88.7814426928864, -88.7813124639728, -88.7775552585709, 
    -88.7710630732123, -88.7691932167792, -88.7712640865101, 
    -88.7742324357793, -88.7742326304622, -88.7763008561762, 
    -88.7782440899225, -88.7782363661543, -88.7809574912928, 
    -88.781812467647, -88.7842522197238, -88.7857016784344, -88.7846450611372, 
    -88.7859000129375, -88.7862026489088, -88.7875673818635, 
    -88.7875662902006, -88.788016605515, -88.7911816255581, -88.794197720305, 
    -88.7944776665713, -88.7943483836072, -88.7968054116126, 
    -88.7972952631935, -88.7973735555567, -88.798755319536, -88.8065537748657, 
    -88.8080838081484, -88.8100062423088, -88.8104563475098, 
    -88.811728035334, -88.7982601856976, -88.7924369296481, -88.7871326288389, 
    -88.7852615119816, -88.7863472463163, -88.7900524610514, 
    -88.7905654162377, -88.7909681430593, -88.7941335142899, 
    -88.7940968481227, -88.7962432157384, -88.7970867829022, 
    -88.7997190322527, -88.8069234479551, -88.8071213661031, 
    -88.8071142775659, -88.8071793178259, -88.8088537080698, 
    -88.8110587674632, -88.8111747009452, -88.8125662967863, 
    -88.8111641712142, -88.8128570454247, -88.8151326977959, 
    -88.81662475053, -88.8179354387767, -88.8207233173134, -88.8227963228448, 
    -88.8233338699513, -88.823093569444, -88.8248465396905, -88.824953354309, 
    -88.8249219774415, -88.8255076249923, -88.8256323404179, 
    -88.8273783523313, -88.8295483438898, -88.8322296460445, 
    -88.8371783135009, -88.8413032138273, -88.8413032323624, 
    -88.8427121861353, -88.8415376988545, -88.840870881889, -88.8429616403847, 
    -88.8441958028437, -88.8487181322173, -88.8504471159022, 
    -88.8525467329189, -88.848319999692, -88.8472202135412, -88.8471064104303, 
    -88.8472962521279, -88.8458714057592, -88.8480964358144, 
    -88.8487125457103, -88.8481779335253, -88.8486037823335, 
    -88.8499616482688, -88.850124529392, -88.8508412052098, -88.8515250016973, 
    -88.8524839014655, -88.8551097341713, -88.8679425751893, 
    -88.87076152648, -88.870473798309, -88.8704687229087, -88.8704687341249, 
    -88.870464460874, -88.8631560503302, -88.863394783856, -88.8621622621558, 
    -88.8571124027855, -88.8554328196244, -88.855574482161, -88.8547444224563, 
    -88.8544098016879, -88.8570088981947, -88.8591102600682, 
    -88.8588598455549, -88.8590323429444, -88.8600339668368, 
    -88.8600313416932, -88.8616755747317, -88.8648150465203, 
    -88.8647815387957, -88.8730729353248, -88.8754492531397, 
    -88.8742635576445, -88.8661964414847, -88.865390049694, -88.8611268402335, 
    -88.860582815972, -88.859362573159, -88.859187903504, -88.8582826911945, 
    -88.8579107259881, -88.8567302001579, -88.8565529051628, 
    -88.8513550304186, -88.8511680807315, -88.8512457134034, 
    -88.8537059829787, -88.8532021806344, -88.8563250789057, 
    -88.8666987065424, -88.8673817266791, -88.8745040330369, 
    -88.8752795240192, -88.8780459246673, -88.8786525599063, 
    -88.8776983838772, -88.8822262083533, -88.8857943937899, 
    -88.886376321789, -88.8862282558733, -88.8877133581848, -88.8902319714732, 
    -88.8915236759884, -88.890661821057, -88.8916248141734, -88.8889841075982, 
    -88.8920615166436, -88.893292457192, -88.8933393551987, -88.8936990977955, 
    -88.8961664165066, -88.8950905979939, -88.8933039469139, 
    -88.8934987871385, -88.8924407920682, -88.891838277708, -88.8924540738143, 
    -88.892923331169, -88.893907646561, -88.9063117509942, -88.9061805535905, 
    -88.9021695377515, -88.9005822625802, -88.9027596780363, 
    -88.908290466058, -88.9101031013607, -88.9101152260523, -88.9104944907016, 
    -88.9104292127373, -88.9207731567957, -88.9210330154323, 
    -88.9245371192614, -88.9248202463838, -88.9254367929462, 
    -88.9274033429309, -88.9273530838765, -88.9352263122189, 
    -88.9371688370841, -88.9350996852058, -88.9270276969566, 
    -88.9236718395566, -88.928902927472, -88.9297474645597, -88.9442151705654, 
    -88.9457182148105, -88.945874471631, -88.9458753410276, -88.9485514995533, 
    -88.9509445458383, -88.9524584255908, -88.9502951729606, 
    -88.9507291059474, -88.9910148599956, -88.9936083225833), .Dim = c(1L, 
    650L, 2L)))), class = "data.frame", row.names = 1L))), class = c("tbl_df", 
"tbl", "data.frame"), row.names = c(NA, -1L))
